%YAML:1.0
---
camera_matrix: !!opencv-matrix
   rows: 3
   cols: 3
   dt: f
   data: [ 1.18179480e+03, 0., 1.02350000e+03, 0., 1.18179480e+03,
       7.67500000e+02, 0., 0., 1. ]
distortion_coefficients: [ -3.4165063500404358e-01,
    1.0497100651264191e-01, 0., 0., 0. ]
